-0.12
-0.08
-0.06
-0.04
-0.04
-0.02
-0.02
0
0
0.02
0.02
0.04
0.06
0.06
0.08
0.1
0.1
0.12
0.12
0.12
0.1
0.1
0.08
0.06
0.04
0
-0.06
-0.12
-0.16
-0.22
-0.28
-0.32
-0.34
-0.36
-0.3
-0.2
-0.22
-0.14
-0.14
-0.08
-0.04
-0.02
0
0.02
0.06
0.06
0.08
0.12
0.14
0.14
0.16
0.16
0.16
0.16
0.16
0.16
0.18
0.18
0.2
0.2
0.2
0.22
0.22
0.22
0.24
0.22
0.22
0.22
0.2
0.14
0.1
0.02
-0.08
-0.14
-0.2
-0.26
-0.3
-0.34
-0.36
-0.34
-0.3
-0.26
-0.26
-0.22
-0.2
-0.18
-0.16
-0.14
-0.1
-0.08
-0.06
-0.04
-0.02
0.02
0.04
0.06
0.08
0.12
0.12
0.12
0.12
0.06
0.02
-0.08
-0.14
-0.22
-0.26
-0.3
-0.32
-0.34
-0.36
-0.34
-0.34
-0.22
-0.22
-0.14
-0.08
-0.02
0.02
0.04
0.06
0.06
0.1
0.1
0.14
0.14
0.16
0.18
0.16
0.14
0.14
0.12
0.08
0.06
0.02
0
-0.04
-0.08
-0.1
-0.12
-0.14
-0.16
-0.18
-0.22
-0.24
-0.26
-0.26
-0.24
-0.24
-0.2
-0.18
-0.16
-0.16
-0.14
-0.12
-0.1
-0.1
-0.08
-0.08
-0.08
-0.08
-0.08
-0.1
-0.1
-0.12
-0.14
-0.14
-0.16
-0.14
-0.16
-0.16
-0.16
-0.2
-0.18
-0.18
-0.18
-0.16
-0.16
-0.14
-0.14
-0.12
-0.1
-0.08
-0.04
-0.02
0.02
0.02
0.04
0.06
0.08
0.08
0.08
0.06
0.06
0.06
0.1
0.14
0.14
0.18
0.2
0.22
0.24
0.26
0.28
0.28
0.3
0.32
0.34
0.36
0.36
0.36
0.36
0.36
0.34
0.32
0.28
0.26
0.26
0.24
0.2
0.2
0.18
0.16
0.14
0.14
0.12
0.12
0.1
0.08
0.08
0.06
0.06
0.08
0.08
0.1
0.1
0.1
0.08
0.06
0.06
0.04
0.02
0.02
0
0
0.02
0.02
0
-0.02
-0.04
-0.08
-0.12
-0.08
-0.1
-0.12
-0.12
-0.12
-0.1
-0.12
-0.1
-0.12
-0.12
-0.14
-0.1
-0.06
-0.04
0
0
0.02
0.04
0.06
0.06
0.06
0.06
0.08
0.12
0.12
0.16
0.16
0.18
0.18
0.16
0.14
0.1
0.1
0.1
0.1
0.1
0.1
0.1
0.1
0.1
0.1
0.08
0.08
0.06
0.08
0.1
0.12
0.12
0.14
0.14
0.16
0.14
0.14
0.14
0.14
0.14
0.14
0.14
0.12
0.1
0.08
0.06
0.04
0
0
0
-0.02
-0.02
-0.02
-0.02
-0.02
-0.04
-0.04
-0.06
-0.08
-0.08
-0.08
-0.08
-0.1
-0.14
-0.14
-0.12
-0.12
-0.1
-0.08
-0.06
-0.06
-0.08
-0.08
-0.08
-0.06
-0.06
-0.06
-0.04
-0.02
0.02
0.04
0.06
0.08
0.06
0.08
0.06
0.04
0
0.04
0.08
0.08
0.12
0.14
0.16
0.14
0.1
0.08
0.06
0.02
0.02
0.06
0.08
0.1
0.14
0.14
0.18
0.2
0.2
0.18
0.16
0.16
0.14
0.1
0.08
0.04
0.02
0.02
0
0
-0.06
-0.08
-0.14
-0.18
-0.22
-0.16
-0.18
-0.14
-0.14
-0.12
-0.1
-0.1
-0.08
-0.08
-0.06
-0.04
-0.06
-0.06
-0.06
-0.08
-0.08
-0.1
-0.1
-0.12
-0.14
-0.16
-0.16
-0.16
-0.14
-0.14
-0.14
-0.14
-0.14
-0.14
-0.14
-0.16
-0.16
-0.16
-0.18
-0.14
-0.14
-0.14
-0.12
-0.1
-0.1
-0.1
-0.08
-0.06
-0.04
0
0
0.04
0.06
0.06
0.08
0.08
0.06
0.06
0.08
0.12
0.12
0.14
0.16
0.18
0.2
0.2
0.2
0.2
0.2
0.2
0.18
0.18
0.16
0.18
0.18
0.16
0.14
0.14
0.1
0.06
0.02
-0.02
-0.06
-0.1
-0.14
-0.16
-0.14
-0.12
-0.08
-0.1
-0.08
-0.06
-0.04
-0.04
-0.04
-0.02
-0.02
0
0
0
0.02
0.02
0
0
0
-0.04
-0.08
-0.12
-0.06
-0.04
-0.04
-0.04
-0.02
0
0.02
0.02
0.06
0.06
0.08
0.12
0.14
0.14
0.16
0.18
0.18
0.16
0.16
0.16
0.14
0.1
0.08
0.08
0.06
0.02
-0.04
-0.1
-0.16
-0.18
-0.12
-0.08
-0.04
-0.04
-0.02
0
0.02
0.02
0.04
0.06
0.06
0.08
0.12
0.16
0.2
0.22
0.24
0.24
0.24
0.2
0.18
0.14
0.08
0.04
0
-0.04
-0.08
-0.08
-0.1
-0.1
-0.08
-0.08
-0.08
-0.06
-0.04
-0.04
-0.02
0
0
0
0.02
0.02
0.02
0.04
0.04
0.04
0.04
0.02
0.02
0
-0.06
-0.1
-0.14
-0.18
-0.18
-0.18
-0.18
-0.18
-0.2
-0.2
-0.2
-0.2
-0.2
-0.2
-0.2
-0.18
-0.16
-0.14
-0.12
-0.1
-0.06
-0.04
-0.02
0
0
0
0
0.02
0.02
0.02
0.02
0
0
0
0.02
0.02
0.04
0.06
0.06
0.08
0.06
0.08
0.08
0.08
0.08
0.06
0.06
0.08
0.12
0.14
0.16
0.18
0.2
0.2
0.22
0.2
0.2
0.18
0.16
0.12
0.08
0.04
0
-0.04
-0.1
-0.12
-0.16
-0.18
-0.18
-0.14
-0.14
-0.12
-0.12
-0.08
-0.08
-0.06
-0.06
-0.04
-0.02
-0.02
0
0
0.02
0.02
0.02
0.04
0.04
0.02
0
-0.02
-0.08
-0.08
-0.08
-0.06
-0.04
-0.04
-0.06
-0.08
-0.12
-0.16
-0.2
-0.24
-0.28
-0.28
-0.28
-0.24
-0.2
-0.16
-0.12
-0.08
-0.08
-0.04
-0.02
0
0.02
0.04
0.02
0.04
0.08
0.12
0.12
0.16
0.2
0.22
0.24
0.26
0.26
0.26
0.28
0.28
0.28
0.28
0.28
0.28
0.3
0.28
0.28
0.24
0.2
0.16
0.2
0.2
0.2
0.24
0.24
0.24
0.24
0.24
0.26
0.24
0.24
0.26
0.26
0.26
0.24
0.26
0.24
0.24
0.22
0.18
0.14
0.08
0
-0.04
0
0
-0.02
0
0
-0.02
-0.02
-0.06
-0.12
-0.18
-0.24
-0.3
-0.34
-0.3
-0.2
-0.2
-0.18
-0.18
-0.14
-0.12
-0.1
-0.08
-0.06
-0.04
-0.02
0
0.02
0.06
0.06
0.1
0.14
0.16
0.16
0.2
0.2
0.22
0.24
0.24
0.24
0.22
0.2
0.14
0.06
-0.02
-0.1
-0.06
0.02
0.06
0.08
0.08
0.12
0.12
0.14
0.14
0.14
0.12
0.1
0.12
0.14
0.14
0.16
0.18
0.16
0.14
0.1
0.08
0.04
0
-0.08
-0.16
-0.2
-0.22
-0.2
-0.16
-0.14
-0.1
-0.08
-0.06
-0.04
-0.04
-0.02
0
0
0.02
0.04
0.06
0.08
0.08
0.1
0.08
0.06
0.04
0
-0.02
-0.06
-0.12
-0.18
-0.26
-0.32
-0.36
-0.3
-0.24
-0.24
-0.2
-0.2
-0.16
-0.14
-0.12
-0.08
-0.06
-0.04
-0.02
0
0.02
0.04
0.08
0.1
0.12
0.14
0.14
0.16
0.14
0.1
0.06
0
-0.08
-0.12
-0.18
-0.22
-0.28
-0.28
-0.18
-0.16
-0.14
-0.12
-0.1
-0.06
-0.04
0
0
0.02
0.04
0.04
0.06
0.08
0.1
0.12
0.12
0.12
0.12
0.14
0.14
0.14
0.14
0.14
0.12
0.12
0.1
0.08
0.06
0
-0.04
-0.1
-0.14
-0.1
-0.08
-0.08
-0.08
-0.06
-0.06
-0.04
-0.02
-0.04
-0.04
-0.02
-0.02
-0.02
-0.02
-0.02
-0.04
-0.08
-0.12
-0.16
-0.2
-0.22
-0.22
-0.22
-0.26
-0.28
-0.26
-0.26
-0.24
-0.22
-0.2
-0.18
-0.16
-0.14
-0.1
-0.1
-0.06
-0.02
0
0.04
0.06
0.06
0.06
0.06
0.04
0
-0.02
-0.06
-0.08
0
0.02
0.02
0.06
0.06
0.08
0.1
0.12
0.14
0.14
0.14
0.16
0.16
0.16
0.14
0.14
0.14
0.12
0.08
0.06
0.02
-0.02
-0.04
0.02
0.02
0.04
0.06
0.06
0.06
0.08
0.08
0.08
0.1
0.1
0.12
0.12
0.14
0.14
0.16
0.16
0.18
0.18
0.18
0.18
0.18
0.14
0.12
0.08
0.08
0.06
0.02
0
0
0
-0.04
-0.06
-0.06
-0.02
-0.02
0
0.02
0.02
0.04
0.04
0.06
0.06
0.1
0.12
0.14
0.18
0.2
0.22
0.24
0.26
0.28
0.3
0.32
0.34
0.36
0.36
0.38
0.38
0.38
0.4
0.4
0.4
0.4
0.38
0.4
0.38
0.36
0.34
0.28
0.28
0.26
0.22
0.16
0.06
-0.02
-0.1
-0.16
-0.22
-0.28
-0.32
-0.3
-0.3
-0.28
-0.28
-0.24
-0.22
-0.2
-0.2
-0.18
-0.16
-0.16
-0.14
-0.12
-0.12
-0.1
-0.08
-0.06
-0.06
-0.04
-0.02
-0.02
-0.06
-0.08
-0.1
-0.14
-0.18
-0.18
-0.18
-0.18
-0.16
-0.14
-0.12
-0.1
-0.1
-0.08
-0.08
-0.08
-0.08
-0.08
-0.06
-0.08
-0.08
-0.08
-0.08
-0.1
-0.1
-0.12
-0.1
-0.1
-0.08
-0.08
-0.08
-0.08
-0.08
-0.08
-0.08
-0.08
-0.06
-0.02
0
0.04
0.06
0.06
0.08
0.1
0.1
0.1
0.1
0.08
0.08
0.06
0.06
0.06
0.06
0.06
0.04
0.02
0
-0.02
-0.04
-0.04
-0.08
-0.08
-0.1
-0.12
-0.12
-0.12
-0.14
-0.14
-0.14
-0.14
-0.12
-0.12
-0.12
-0.1
-0.1
-0.08
-0.1
-0.08
-0.08
-0.08
-0.08
-0.08
-0.08
-0.08
-0.1
-0.12
-0.14
-0.16
-0.2
-0.2
-0.22
-0.22
-0.22
-0.22
-0.2
-0.16
-0.16
-0.14
-0.14
-0.1
-0.1
-0.08
-0.08
-0.06
-0.04
-0.06
-0.04
-0.04
-0.04
-0.02
-0.02
-0.04
-0.02
-0.02
-0.02
-0.02
-0.02
0
0
0.02
0.04
0.04
0.06
0.06
0.08
0.08
0.1
0.12
0.12
0.14
0.14
0.14
0.14
0.14
0.14
0.12
0.1
0.06
0.06
0.06
0.04
0.02
0.02
0.02
0
0
-0.04
-0.06
-0.08
-0.1
-0.12
-0.14
-0.14
-0.14
-0.16
-0.14
-0.14
-0.14
-0.12
-0.12
-0.1
-0.08
-0.06
-0.06
-0.06
-0.04
-0.02
-0.02
-0.04
-0.04
-0.06
-0.1
-0.14
-0.16
